1  2 -54.0
1  3 -55.0
1  4 -55.0
1  5 -55.0
1  6 -55.0
1  7 -55.0
1  8 -55.0
1  9 -55.0
1  10 -55.0
2  1 -60.0
2  3 -55.0
2  4 -55.0
2  5 -55.0
2  6 -54.0
2  7 -55.0
2  8 -55.0
2  9 -55.0
2  10 -55.0
3  1 -60.0
3  2 -54.0
3  4 -54.0
3  4 -54.0
3  5 -54.0
3  6 -55.0
3  7 -55.0
3  8 -55.0
3  9 -55.0
3  10 -55.0
4  1 -54.0
4  2 -54.0
4  3 -55.0
4  5 -54.0
4  6 -55.0
4  7 -55.0
4  8 -55.0
4  9 -55.0
4  10 -55.0
5  1 -54.0
5  2 -55.0
5  3 -54.0
5  4 -54.0
5  6 -55.0
5  7 -55.0
5  8 -55.0
5  9 -55.0
5  10 -55.0
6  1 -55.0
6  2 -55.0
6  3 -55.0
6  4 -55.0
6  5 -55.0
6  7 -55.0
6  8 -55.0
6  9 -55.0
6  10 -55.0
7  1 -55.0
7  2 -55.0
7  3 -55.0
7  4 -55.0
7  5 -55.0
7  6 -55.0
7  8 -55.0
7  9 -55.0
8  1 -55.0
8  2 -55.0
8  3 -55.0
8  4 -55.0
8  5 -55.0
8  6 -55.0
8  7 -55.0
8  9 -55.0
8  10 -55.0
9  1 -55.0
9  2 -55.0
9  3 -55.0
9  4 -55.0
9  5 -55.0
9  6 -55.0
9  7 -55.0
9  8 -55.0
9  10 -55.0
10  1 -55.0
10  2 -55.0
10  3 -55.0
10  4 -55.0
10  5 -55.0
10  6 -55.0
10  7 -55.0
10  8 -55.0
10  9 -55.0

